1533 45 190
1 104
2 29
3 22
4 103
5 23
6 77
7 111
8 108
9 92
10 92
11 91
12 69
13 37
14 21
15 52
16 66
17 88
18 108
19 81
20 28
21 45
22 30
23 67
24 37
25 83
26 52
27 114
28 96
29 42
30 35
31 116
32 21
33 25
34 63
35 40
36 116
37 102
38 80
39 46
40 63
41 67
42 61
43 80
44 82
45 101
0 1
0 9
0 10
0 15
0 28
0 35
1 8
1 11
1 24
1 30
1 32
1 35
1 41
2 30
2 34
2 37
2 38
2 44
3 5
3 7
3 37
4 9
4 43
4 45
5 6
6 9
7 9
10 6
10 11
10 13
10 14
10 23
10 24
10 33
10 39
10 41
10 42
10 43
11 6
11 19
11 20
11 22
11 24
11 30
11 31
11 32
11 37
11 42
12 4
12 7
12 9
12 17
12 21
12 22
12 23
12 29
12 31
12 35
13 5
13 23
13 24
13 25
13 45
14 6
14 15
14 17
14 20
14 33
14 39
14 42
15 8
15 21
15 25
15 29
15 30
15 36
15 41
15 42
16 2
16 4
16 7
16 19
16 20
16 21
16 22
16 24
16 26
16 29
16 36
16 41
16 44
17 4
17 6
17 8
17 27
17 39
17 42
18 5
18 19
18 25
18 29
18 31
18 45
19 9
19 27
19 32
19 37
19 45
20 21
20 22
20 23
20 43
21 9
21 24
21 37
21 39
21 43
22 6
22 9
22 23
22 34
22 36
22 40
22 44
22 45
23 5
23 8
23 9
23 28
24 3
24 4
24 34
24 40
24 43
25 40
25 42
25 44
25 45
26 4
26 7
26 9
26 30
26 38
26 41
26 43
27 36
27 44
28 7
28 40
29 4
29 37
30 7
30 31
30 43
31 33
31 40
32 6
32 9
32 35
32 41
32 42
33 39
33 43
34 37
34 38
35 6
35 7
35 8
35 37
36 4
36 7
36 9
36 38
36 39
36 44
37 4
37 45
38 8
38 9
38 42
38 43
39 5
40 6
40 7
40 41
40 44
42 45
44 7
44 8
45 5
