986 33 150
1 41
2 71
3 83
4 97
5 46
6 96
7 50
8 22
9 31
10 101
11 31
12 90
13 28
14 43
15 27
16 106
17 82
18 22
19 83
20 70
21 65
22 44
23 75
24 29
25 69
26 24
27 70
28 26
29 84
30 110
31 29
32 22
33 105
0 3
0 4
0 6
0 7
0 8
0 14
0 16
0 18
0 25
0 27
0 28
0 33
1 3
1 5
1 8
1 10
1 11
1 18
1 27
1 28
1 29
1 30
1 31
2 3
2 5
2 6
2 9
2 22
2 24
2 27
2 28
2 29
3 9
5 6
6 8
10 2
10 8
10 9
10 12
10 22
10 26
10 28
10 32
11 3
11 4
11 6
11 8
11 13
11 18
11 24
11 25
11 26
12 5
12 14
12 21
12 25
12 26
12 33
13 3
13 5
13 6
13 7
13 9
13 14
13 17
13 19
13 21
13 28
13 32
14 6
14 28
14 29
15 4
15 5
15 17
15 23
15 24
15 32
15 33
16 2
16 5
16 6
16 18
16 19
16 20
16 28
16 31
17 29
17 30
17 31
18 3
18 4
18 5
18 21
18 25
19 6
19 20
19 26
19 31
20 8
20 22
20 23
20 26
20 27
20 32
20 33
21 7
21 22
21 23
22 3
22 5
22 6
22 23
22 30
23 4
23 24
23 25
23 26
23 32
24 7
24 27
24 30
24 31
24 32
25 26
25 30
25 33
26 3
26 4
26 8
26 28
26 30
27 6
27 8
28 3
28 8
29 3
29 8
29 9
29 33
30 6
30 31
31 5
31 6
31 7
31 8
31 9
31 33
32 7
33 4
