1807 54 203
1 46
2 61
3 28
4 25
5 20
6 113
7 119
8 20
9 61
10 59
11 107
12 90
13 45
14 81
15 85
16 115
17 56
18 59
19 22
20 116
21 74
22 65
23 87
24 50
25 103
26 53
27 118
28 95
29 23
30 40
31 108
32 37
33 48
34 85
35 79
36 83
37 107
38 47
39 30
40 29
41 57
42 66
43 86
44 98
45 57
46 47
47 90
48 23
49 109
50 21
51 75
52 42
53 42
54 112
0 8
0 9
0 23
0 26
0 30
0 47
0 48
0 51
1 16
1 18
1 19
1 22
1 23
1 30
1 33
1 37
1 39
1 46
1 50
2 20
2 26
2 32
2 48
3 5
3 38
3 42
3 44
3 47
3 49
4 50
7 8
10 9
10 14
10 16
10 22
10 26
10 33
10 45
10 46
10 47
11 3
11 16
11 17
11 20
11 34
11 44
11 45
11 47
11 49
12 13
12 21
12 26
12 35
12 38
12 42
12 45
12 51
13 4
13 24
13 28
13 29
13 40
14 5
14 6
14 7
14 8
14 32
14 36
14 42
14 46
15 8
15 16
15 23
15 39
15 49
16 36
16 40
16 45
16 50
16 52
17 8
17 18
17 41
17 49
18 2
18 7
18 19
18 24
18 27
18 33
18 38
18 41
18 44
18 50
18 54
19 23
19 36
19 40
19 41
19 51
20 38
20 46
20 53
20 54
21 4
21 9
21 22
21 23
21 33
21 36
21 48
21 53
22 23
22 31
22 33
22 43
22 47
22 52
23 3
23 4
23 5
23 9
23 33
23 34
23 36
23 38
23 39
23 45
24 3
24 33
24 34
24 35
24 38
24 45
25 39
25 49
25 50
25 52
26 5
26 41
26 45
26 51
26 54
27 32
27 36
27 54
28 3
28 42
28 48
28 51
29 5
29 30
29 32
29 39
30 5
30 34
30 41
30 44
31 35
31 37
31 43
32 39
32 40
32 44
32 48
32 52
32 53
33 5
33 35
34 7
34 36
34 41
34 53
35 4
35 39
35 47
36 9
36 47
36 53
37 40
38 5
38 8
38 42
38 52
39 42
39 51
41 7
42 5
42 43
42 47
42 50
43 7
44 46
44 50
45 50
45 51
46 9
47 8
48 53
50 6
52 7
53 9
54 6
