2019 57 234
1 49
2 31
3 39
4 49
5 72
6 43
7 89
8 94
9 65
10 89
11 51
12 32
13 86
14 109
15 40
16 73
17 94
18 95
19 103
20 30
21 109
22 73
23 71
24 117
25 109
26 109
27 37
28 101
29 64
30 28
31 75
32 57
33 115
34 52
35 89
36 57
37 99
38 58
39 83
40 116
41 63
42 23
43 36
44 44
45 119
46 73
47 109
48 108
49 45
50 38
51 95
52 60
53 30
54 84
55 91
56 29
57 39
0 3
0 14
0 32
0 34
0 44
0 47
0 52
0 53
0 57
1 6
1 17
1 19
1 22
1 27
1 43
1 54
2 29
2 30
2 31
2 34
2 42
3 6
3 44
3 49
3 51
3 55
3 57
4 46
5 54
5 57
7 8
10 5
10 17
10 43
10 47
11 8
11 19
11 30
11 39
11 45
12 16
12 19
12 20
12 29
12 30
12 49
12 52
13 14
13 25
13 28
13 31
13 33
13 37
13 43
13 44
13 47
13 53
14 4
14 6
14 7
14 21
14 24
14 35
14 48
15 3
15 22
15 40
15 41
15 51
16 4
16 5
16 8
16 26
16 40
16 44
16 47
16 50
16 56
17 3
17 5
17 23
17 47
17 48
17 53
18 4
18 26
18 38
18 39
18 46
18 49
18 53
19 3
19 21
19 24
19 26
19 33
19 43
19 48
19 53
20 3
20 21
20 28
20 30
20 48
20 50
21 3
21 4
21 26
21 38
21 44
21 46
21 49
21 50
22 27
22 33
22 34
22 42
22 45
22 49
23 7
23 33
23 40
23 46
24 6
24 7
24 27
24 33
24 42
25 9
25 28
25 35
25 48
26 5
26 31
26 33
26 56
27 7
27 34
27 49
27 55
28 9
28 39
28 41
28 51
28 54
29 31
29 38
29 49
30 4
30 9
30 41
30 44
30 46
30 48
30 49
30 54
31 32
31 41
31 47
31 49
31 51
31 55
31 56
32 4
32 5
32 38
32 43
32 57
33 36
34 35
34 46
34 52
35 5
35 51
35 55
36 5
36 7
36 42
36 43
37 7
37 42
37 44
37 51
37 55
38 4
38 6
38 7
38 51
38 57
39 7
39 41
39 44
39 45
40 43
40 55
41 6
41 54
42 6
42 43
42 46
42 53
42 54
43 50
44 5
44 8
44 9
44 45
44 47
44 52
45 47
45 48
45 57
46 57
47 48
47 53
47 54
47 55
48 50
48 53
48 55
49 5
49 7
49 9
49 53
49 55
50 8
50 56
51 57
52 7
52 53
53 9
53 57
54 56
55 9
