1202 30 120
1 85
2 67
3 92
4 57
5 88
6 99
7 119
8 97
9 79
10 114
11 100
12 109
13 71
14 98
15 88
16 84
17 47
18 119
19 89
20 95
21 39
22 61
23 59
24 33
25 88
26 39
27 61
28 61
29 118
30 49
0 1
0 6
0 7
0 12
0 16
0 27
1 5
1 10
1 11
1 16
1 19
1 21
1 22
1 26
2 3
2 20
2 25
3 6
4 5
4 9
5 7
7 8
8 9
10 3
10 7
10 9
10 11
10 12
10 20
10 27
10 29
11 4
11 8
11 9
11 12
11 14
11 18
11 19
11 25
11 29
11 30
12 2
12 4
12 8
12 9
12 23
12 27
12 29
12 30
13 7
13 8
13 20
13 23
13 24
13 28
13 30
14 3
14 5
14 7
14 8
14 9
14 16
14 17
14 21
14 24
14 25
14 26
14 27
14 30
15 5
15 16
15 21
15 23
15 24
15 25
15 28
16 3
16 5
16 9
16 17
16 25
16 28
17 22
18 4
18 9
18 26
18 27
18 28
19 2
19 7
19 21
19 24
19 27
20 23
21 3
21 8
21 27
22 3
22 8
22 26
22 27
23 24
23 26
23 29
24 25
24 26
24 27
25 5
26 4
26 8
26 27
27 3
27 4
27 30
28 5
28 6
28 7
28 29
29 6
30 8
