1617 48 201
1 96
2 46
3 24
4 42
5 79
6 106
7 118
8 38
9 38
10 53
11 94
12 21
13 46
14 67
15 96
16 38
17 100
18 40
19 75
20 38
21 106
22 65
23 72
24 34
25 117
26 38
27 90
28 77
29 80
30 60
31 38
32 52
33 103
34 90
35 59
36 49
37 103
38 93
39 79
40 33
41 21
42 73
43 117
44 96
45 34
46 24
47 105
48 72
0 1
0 4
0 5
0 8
0 30
0 32
0 35
0 39
0 40
0 44
0 47
1 5
1 10
1 11
1 13
1 14
1 18
1 31
1 39
1 42
1 45
2 3
2 5
2 29
2 30
2 37
2 39
2 40
2 41
2 42
2 45
3 4
3 31
3 38
3 47
4 41
4 45
4 48
5 6
6 9
10 2
10 3
10 4
10 11
10 12
10 14
10 27
10 33
10 37
11 4
11 5
11 14
11 20
11 35
11 36
11 43
12 6
12 14
12 28
12 35
12 40
12 44
13 2
13 3
13 4
13 9
13 20
13 24
13 27
13 28
13 29
14 4
14 9
14 23
14 25
14 36
14 47
14 48
15 2
15 9
15 18
15 21
15 30
15 39
15 44
15 45
16 8
16 19
16 32
16 33
16 37
16 39
16 46
16 48
17 9
17 24
17 32
17 33
17 38
17 40
18 7
18 21
18 31
18 37
18 40
18 48
19 2
19 24
19 26
19 37
19 41
19 42
19 46
20 3
20 6
20 23
20 35
20 47
21 7
21 29
21 34
21 38
21 45
21 47
22 8
22 28
22 31
22 48
23 29
23 37
23 40
23 43
23 46
24 8
24 36
24 38
24 47
24 48
25 26
25 31
25 33
25 43
25 44
25 45
26 30
26 31
26 32
26 45
27 3
27 7
27 9
27 28
27 31
27 33
27 36
27 37
27 42
27 44
28 35
28 39
29 45
30 5
30 40
31 32
31 33
32 7
32 33
32 36
32 46
34 36
34 37
34 39
34 41
34 45
35 6
35 7
35 46
36 37
36 38
36 41
36 48
37 42
37 45
38 40
40 9
40 45
41 5
41 7
42 43
42 44
43 6
43 7
43 48
44 46
44 47
44 48
45 9
45 47
45 48
46 8
47 9
