1586 51 216
1 30
2 111
3 115
4 77
5 39
6 26
7 58
8 30
9 37
10 96
11 21
12 73
13 39
14 108
15 40
16 28
17 26
18 23
19 107
20 39
21 28
22 107
23 57
24 115
25 113
26 90
27 49
28 65
29 93
30 52
31 27
32 85
33 25
34 33
35 110
36 84
37 41
38 44
39 67
40 81
41 75
42 86
43 62
44 56
45 94
46 74
47 35
48 69
49 85
50 24
51 23
0 17
0 18
0 24
0 35
0 41
0 44
0 49
1 5
1 11
1 12
1 13
1 31
1 34
1 43
1 51
2 21
2 22
2 23
2 31
2 35
2 36
2 40
2 44
3 9
3 30
3 34
3 37
3 40
4 41
4 45
5 8
5 50
6 8
10 4
10 5
10 17
10 26
10 30
10 33
10 37
10 40
10 45
10 50
11 17
11 27
11 33
11 40
11 46
11 51
12 4
12 5
12 6
12 15
12 22
12 30
12 48
12 49
13 4
13 8
13 39
13 41
14 6
14 8
14 21
14 34
14 44
15 3
15 6
15 7
15 22
15 23
15 27
15 31
15 32
15 38
15 42
15 44
16 23
16 25
16 27
16 37
16 48
17 3
17 5
17 7
17 8
17 40
17 42
17 43
17 44
18 5
18 20
18 32
18 44
18 45
18 48
19 2
19 5
19 8
19 20
19 30
19 34
19 35
19 41
19 50
20 9
20 38
20 43
20 48
21 22
21 32
22 7
22 9
22 41
22 43
22 46
23 3
23 7
23 26
23 40
23 43
23 48
24 8
24 26
24 35
24 43
24 47
25 3
25 26
25 28
25 34
26 9
26 31
26 32
26 38
26 42
26 48
27 3
27 8
27 39
27 44
28 29
28 30
28 41
28 47
28 50
29 5
29 8
29 9
29 41
29 51
30 45
30 51
31 36
31 37
31 38
31 47
32 4
32 34
32 39
32 44
32 45
33 6
34 6
34 38
34 42
34 43
34 46
34 49
35 6
35 7
35 8
35 42
35 43
36 6
36 38
36 39
36 46
36 51
37 44
37 49
38 5
38 6
38 42
38 43
38 46
38 48
39 40
39 44
39 45
40 6
40 8
40 9
40 47
40 49
41 5
41 46
41 48
41 49
42 5
42 50
42 51
43 6
43 46
44 45
44 47
44 51
45 48
46 7
46 48
48 7
48 49
48 50
48 51
49 9
51 7
