1229 36 162
1 70
2 74
3 85
4 69
5 101
6 80
7 114
8 70
9 26
10 21
11 97
12 61
13 28
14 83
15 63
16 76
17 24
18 56
19 108
20 70
21 119
22 42
23 99
24 112
25 37
26 101
27 26
28 86
29 39
30 58
31 29
32 119
33 104
34 58
35 22
36 32
0 2
0 4
0 7
0 11
0 22
0 23
0 25
0 28
0 34
1 5
1 7
1 10
1 20
1 26
1 27
1 28
1 31
1 32
2 3
2 5
2 7
2 20
2 22
2 27
2 33
3 4
3 6
3 9
3 30
3 31
4 8
5 6
5 8
10 2
10 3
10 20
10 21
10 25
10 26
10 35
11 4
11 5
11 12
11 20
11 21
11 26
11 31
11 32
11 33
11 34
11 36
12 6
12 8
12 27
13 2
13 3
13 4
13 14
13 35
13 36
14 5
14 19
14 22
14 25
14 27
14 36
15 8
15 16
15 19
15 22
15 29
15 31
15 36
16 6
16 8
16 9
16 24
16 29
16 34
17 5
17 22
17 25
17 31
17 33
18 4
18 6
18 7
18 20
18 26
18 28
18 33
19 6
19 20
19 21
19 26
19 29
19 36
20 3
20 6
20 27
20 30
20 32
21 4
21 7
21 27
21 29
21 30
21 32
21 35
22 3
22 4
22 5
22 23
22 28
22 31
22 36
23 3
23 4
23 8
23 24
23 31
23 33
24 8
24 25
24 26
24 28
24 30
25 3
25 6
25 7
25 30
25 36
26 6
26 9
26 27
26 31
26 35
27 4
27 5
27 31
27 34
27 35
27 36
28 31
29 5
29 7
29 34
29 35
30 5
30 9
31 9
32 4
32 6
32 33
32 36
33 4
33 35
34 7
34 35
35 6
35 7
36 5
