1328 42 168
1 59
2 36
3 69
4 91
5 60
6 105
7 105
8 31
9 82
10 32
11 45
12 59
13 58
14 34
15 51
16 65
17 103
18 56
19 39
20 23
21 92
22 110
23 28
24 114
25 105
26 65
27 36
28 30
29 109
30 22
31 37
32 40
33 21
34 43
35 80
36 74
37 91
38 29
39 42
40 108
41 67
42 110
0 6
0 15
0 17
0 18
0 19
0 21
0 24
0 27
0 28
0 29
0 32
0 35
0 39
1 14
1 18
1 20
1 25
1 34
1 42
2 9
2 20
2 24
2 40
3 37
4 5
4 41
6 7
7 9
10 11
10 13
10 14
10 16
10 18
10 19
10 23
10 25
10 26
10 32
10 37
11 7
11 12
11 18
11 20
11 35
11 38
12 20
12 25
12 28
12 29
12 31
12 39
13 18
13 19
13 25
13 27
13 30
13 37
13 40
13 41
14 4
14 7
14 9
14 15
14 20
14 21
15 8
15 18
15 19
15 20
15 28
15 30
15 39
15 40
16 3
16 5
16 20
16 22
16 25
16 27
16 35
16 42
17 34
17 41
17 42
18 5
18 23
18 39
18 40
19 21
19 34
19 37
19 38
19 40
19 41
19 42
20 3
20 34
20 38
20 41
20 42
21 3
21 27
21 28
21 39
21 40
22 3
22 4
22 35
22 40
23 8
23 9
23 24
23 28
23 36
23 41
24 4
24 6
24 37
24 40
25 8
25 30
25 32
25 40
26 3
26 6
26 7
26 30
27 7
27 29
27 32
28 4
28 30
28 36
28 37
29 9
29 30
29 32
29 35
30 8
30 32
30 37
31 7
31 32
31 37
31 39
32 7
32 8
32 36
32 39
33 6
33 9
33 34
33 36
33 38
34 8
34 35
35 4
35 41
35 42
36 6
36 37
36 39
36 40
36 41
37 7
41 5
41 9
42 7
