1356 39 174
1 113
2 102
3 61
4 37
5 119
6 69
7 79
8 40
9 113
10 77
11 33
12 50
13 26
14 44
15 52
16 104
17 111
18 113
19 33
20 46
21 78
22 75
23 88
24 30
25 95
26 94
27 31
28 66
29 53
30 95
31 113
32 24
33 29
34 63
35 49
36 42
37 118
38 31
39 117
0 9
0 13
0 20
0 21
0 22
0 31
1 8
1 16
1 18
1 19
1 22
1 23
1 24
1 25
1 30
1 34
2 3
2 33
2 37
3 7
3 9
5 8
6 7
6 8
10 2
10 5
10 8
10 11
10 19
10 21
10 26
10 34
11 4
11 5
11 9
11 16
11 20
11 28
11 35
12 8
12 16
12 19
12 25
12 26
12 27
12 29
12 31
12 36
13 5
13 6
13 21
13 22
13 28
13 34
14 3
14 7
14 22
14 24
14 25
14 38
14 39
15 20
15 22
15 29
15 34
15 35
15 38
15 39
16 2
16 6
16 20
16 21
16 22
16 26
16 27
16 32
16 35
16 36
16 39
17 23
17 24
17 28
17 29
18 3
18 4
18 7
18 9
18 26
18 34
18 39
19 2
19 20
19 22
19 31
19 32
19 36
19 38
20 5
20 7
20 8
20 9
20 21
20 22
20 31
20 37
21 8
21 27
21 29
21 31
21 33
21 34
22 3
22 5
22 24
22 25
22 26
22 39
23 5
23 24
23 33
23 34
23 38
24 31
24 32
24 37
25 7
25 8
25 9
25 31
25 34
26 5
26 29
26 31
26 35
26 39
27 7
27 36
27 37
28 5
28 32
28 33
28 35
29 6
29 8
29 34
29 35
30 6
30 32
30 33
30 34
30 37
31 4
31 9
31 34
31 35
31 36
32 4
32 5
32 6
32 8
32 38
32 39
33 5
33 9
33 36
33 37
34 4
34 38
36 37
38 5
38 6
38 8
39 6
39 9
