1880 60 238
1 55
2 104
3 117
4 67
5 46
6 22
7 70
8 71
9 35
10 59
11 62
12 60
13 113
14 95
15 32
16 42
17 52
18 26
19 62
20 43
21 87
22 26
23 40
24 28
25 69
26 111
27 99
28 86
29 81
30 25
31 96
32 60
33 48
34 45
35 26
36 119
37 117
38 23
39 68
40 23
41 102
42 49
43 22
44 78
45 53
46 86
47 56
48 80
49 87
50 24
51 30
52 50
53 36
54 34
55 39
56 92
57 97
58 80
59 103
60 52
0 8
0 29
0 54
1 4
1 13
1 18
1 20
1 36
1 51
2 3
2 20
2 22
2 30
2 43
2 44
2 49
2 50
3 7
3 9
3 41
3 49
4 57
5 9
7 9
10 13
10 16
10 23
10 32
10 37
11 3
11 17
11 21
11 26
11 30
11 38
11 39
11 41
11 53
12 14
12 32
12 33
12 52
12 55
12 59
12 60
13 5
13 6
13 8
13 24
13 32
13 35
14 2
14 3
14 4
14 5
14 16
14 22
14 29
14 34
14 37
14 40
14 45
14 48
14 49
14 50
14 57
15 9
15 36
15 37
15 53
16 20
16 24
16 35
16 42
16 52
16 53
17 4
17 24
17 27
17 35
17 36
17 40
17 41
17 51
17 58
18 4
18 8
18 22
18 26
18 30
18 32
18 33
18 51
18 53
18 57
18 59
19 7
19 8
19 24
19 29
19 56
19 60
20 21
20 23
20 26
20 29
20 32
20 35
20 44
20 45
20 54
20 60
21 28
21 39
21 50
21 55
22 4
22 23
22 25
22 26
22 31
22 40
22 60
23 6
23 37
23 39
23 45
23 48
23 51
23 57
24 34
24 39
24 40
24 41
24 45
25 8
25 27
25 37
25 42
25 45
26 5
26 29
26 31
26 39
26 43
26 52
26 58
27 5
27 6
27 8
27 29
27 42
27 48
27 55
28 29
28 30
28 32
29 3
29 59
30 40
30 51
30 59
30 60
31 4
31 6
32 8
32 36
32 39
32 49
33 7
33 39
33 42
33 54
33 60
34 4
34 46
34 50
35 36
35 41
35 51
35 54
36 8
36 41
36 45
36 48
37 44
37 52
37 56
37 57
37 58
38 50
38 51
39 46
39 47
39 48
39 57
39 58
40 56
41 6
41 9
41 42
41 45
41 48
41 49
41 52
41 54
41 56
42 45
43 7
43 44
44 55
45 49
45 51
45 57
45 58
45 60
46 60
47 7
47 48
47 51
48 9
48 57
48 58
49 5
50 58
50 60
51 58
52 6
52 54
53 60
54 57
56 8
56 9
56 57
56 58
57 60
58 59
59 7
